3395
3413
4786
1172
3558
4762
1641
2635
1968
1832
7
2864
4444
3411
3068
697
4077
2354
2012
515
4092
752
806
1080
2977
3717
577
3497
1114
3366
4516
4979
259
4302
3951
2237
1512
2536
2802
4230
4356
2170
2038
3330
3708
406
1953
1035
3391
2087
1654
3825
493
1857
4041
1842
524
2981
1620
2181
650
4113
807
4441
998
588
4666
4597
1054
3674
591
3444
133
574
843
193
2261
2547
4996
590
1919
2199
1558
293
786
1505
710
4284
548
4732
1855
1261
4556
3997
1645
3861
4897
4354
49
845
4071
1160
4102
674
3460
553
540
3894
455
2887
1536
156
923
2448
1012
88
602
223
3969
3031
3544
1168
3251
201
254
579
896
3679
1274
4827
2242
1815
1269
1951
1786
218
3855
454
106
4310
282
1765
3002
1927
307
4527
792
3264
1912
2003
2064
2162
3420
191
1701
2373
4894
2028
2860
4860
2917
541
4727
1515
1128
3878
3868
3322
1195
2241
3316
1937
423
953
4054
2081
4267
733
2392
1116
32
3408
4386
2151
2636
2195
3614
2307
3471
1174
3147
3834
4124
2166
3206
2681
2106
1329
572
459
651
2327
892
1614
3809
116
4506
1669
1723
409
358
1845
610
551
4835
4330
4238
3295
2988
2291
1084
3506
2990
361
1695
731
1065
1270
3399
52
4131
3573
3540
3367
3308
4394
2694
427
1482
3994
1366
3720
27
1748
2215
2330
2657
3356
407
4297
4981
4375
747
3597
1087
2688
1298
480
296
1823
4811
691
2051
3351
812
1131
2616
3505
4613
1888
1570
2331
1461
728
4305
273
4544
3313
1781
4704
3957
2157
1569
2156
1574
3404
1524
19
1602
1594
4307
152
1409
979
1288
130
3760
2075
3661
804
1920
3398
2055
464
3522
2711
1925
1027
4010
4266
4638
1332
1883
2035
687
2527
1583
1950
2752
1694
3032
367
2110
2266
3678
1367
4937
3789
4507
3165
3513
3510
2840
811
105
2286
3278
186
4917
1163
1826
4980
2554
619
3340
2473
4923
1978
856
2767
4787
4340
2592
3281
875
1810
4767
833
134
326
3383
463
3926
1372
4019
3107
2838
3116
1707
4816
2663
436
1402
4646
969
277
416
3983
2621
2623
4776
2408
3333
3574
1447
1206
2753
1343
2978
945
976
742
4201
4807
3946
2585
75
3772
1454
2851
699
3473
2097
2485
2288
4159
1940
3898
1337
999
3859
735
2273
3072
4551
1910
4278
3027
3310
4402
458
3973
3477
1107
2581
4321
1215
1096
1441
3783
1555
3491
3736
4918
1152
2221
2725
2576
1239
3181
1531
41
942
303
3538
1806
299
4167
2696
1979
4144
3153
143
4621
251
3174
4724
2669
3405
2250
1783
114
210
3135
1334
1799
1150
4008
1995
4081
1885
3034
4185
1853
4920
4177
4348
1638
3240
1326
1437
1113
3221
1395
2658
3250
695
3467
2602
1083
716
1124
506
1535
4068
430
225
3337
4513
1709
1499
724
484
2491
1986
633
4940
1127
4942
1720
990
3303
3675
562
582
2684
1656
616
2502
1304
1839
3217
559
585
2867
4269
1104
3249
1715
4943
3820
477
1658
2405
1525
566
3454
749
3594
2218
1844
1030
4693
4107
2789
4457
1790
1271
1425
285
3668
3241
3860
3410
3166
2023
2395
3018
835
258
1296
4654
3932
3625
2835
246
2194
3000
662
4733
457
2298
181
2671
978
654
3683
1511
4052
808
2637
1577
4692
3658
3010
1606
613
2296
912
838
2357
2362
3525
2640
1023
206
2933
2501
797
4452
3123
1584
4481
4098
2455
3090
1103
2952
3453
2659
2164
1192
1635
161
55
3132
4812
675
216
787
4495
3365
1957
1617
678
3631
2925
864
2343
3584
4587
1308
2734
2209
2718
4387
1873
531
2107
450
2830
3616
375
3417
1611
1361
1346
3489
985
22
937
4125
2816
2678
4498
1199
721
3235
90
1804
2733
3624
3381
4046
1565
986
4501
4764
4417
530
3114
2247
1387
3060
1529
4093
2717
483
4782
81
3596
936
3428
443
3456
1070
3788
2349
4525
1475
2890
1856
854
821
103
298
4882
4987
1599
4432
3549
2558
1678
4905
213
2060
2859
3431
234
4139
1108
2888
1824
981
1902
3493
1173
330
398
897
4826
4928
168
995
780
3439
3499
2844
4963
793
4630
1371
2902
624
2283
2960
1049
935
371
1290
2043
2932
2854
899
2317
1721
2149
363
903
609
3035
2911
4209
1924
4482
2791
2643
1498
1999
3748
4522
3238
4202
658
1426
3121
2974
4791
1610
3929
2893
3111
145
2098
4300
3740
2815
1476
3359
3180
1553
3329
1982
4886
4948
3452
966
889
3218
4070
98
702
1690
2534
2732
3229
1286
4608
3816
3677
2524
1846
373
950
2730
3171
1526
2900
4484
1268
1676
1036
1264
3363
1504
4207
2770
1345
2626
3396
4720
2252
2232
3095
2418
1778
4691
3703
2484
2128
3731
2827
184
3026
2906
2762
3526
2469
2338
3479
1825
4632
2921
1085
3728
4423
3850
1497
4601
289
4892
1691
771
4687
2083
2866
189
1892
1766
607
1860
2750
2423
2217
4900
798
3007
1942
4148
2542
1302
3374
1156
2415
571
1404
1120
1433
2370
2072
4037
74
1605
3409
4073
3457
4670
1755
4239
3839
3637
1099
1412
1342
757
3213
819
2205
1761
3746
4369
4358
2351
1429
2280
2928
2216
1076
865
536
4663
4623
682
3185
2496
2113
3163
4285
68
2233
1048
2077
2997
2141
2348
3113
2086
2773
698
902
1233
2396
518
1760
96
1368
769
2609
1788
1019
1802
520
2005
2193
3253
910
1973
3552
901
4725
2305
3076
2548
3508
2169
3758
4378
1166
1972
2920
1510
1764
3953
3440
956
3844
126
1712
3486
2967
4555
785
1893
1631
2140
673
3102
860
852
4789
4018
2599
4216
4424
1106
2955
4293
1835
4362
3902
4755
884
4549
3289
129
1162
3635
1632
4388
2352
2937
4246
1234
4104
2676
4349
3328
1196
1502
3622
3628
1423
2572
1867
365
109
1787
1630
1864
4453
4345
4658
537
4029
1015
4204
1089
176
2190
2390
3828
3832
3362
199
271
3699
1530
3101
3446
1487
4701
2495
1732
3063
3636
3463
2300
449
4036
4697
2829
1007
1178
2150
2391
944
1353
2522
1838
2873
4420
3285
872
3039
2743
3148
3091
4847
3415
2804
2739
4128
4480
1663
2062
2079
2228
2528
4774
4003
247
848
264
3738
1568
1518
2539
4272
3380
1101
159
3048
494
2447
2224
3203
1876
758
211
2133
2029
478
1791
1508
4950
3387
4938
3392
1797
3857
703
3088
2521
2436
4490
137
3137
1718
1320
50
1422
2468
2843
4372
1081
62
3536
3986
3033
3836
2032
560
3438
4087
960
3321
3532
2146
2399
4142
3468
4363
3774
4401
3817
4109
1449
4690
2179
4120
400
1349
1588
844
3667
1895
1053
1882
3198
1627
2350
951
1687
4715
2066
1416
3652
4668
1865
1376
3711
4086
1252
1280
2961
1941
2279
2639
1171
3527
1758
4512
3626
20
383
2828
2944
2135
1911
2021
3056
3641
773
3824
2751
2068
4781
2754
2674
287
4985
1254
1736
2992
2533
317
9
961
4629
3713
3190
2321
922
2184
3369
3243
4848
1312
2178
1696
1443
2394
3722
1256
1837
1603
243
1618
2591
4677
4268
1026
4642
3605
3547
3566
2575
2198
661
1306
1469
29
356
2620
2130
3642
1875
2958
1490
1563
863
2518
2586
340
2885
312
2441
1665
3797
4291
712
245
2758
2833
142
1198
3666
1223
743
4000
1714
4964
640
1901
1317
1347
236
3980
2334
1339
334
748
2267
1033
359
660
652
1509
4618
3891
2036
4072
311
3694
2333
1734
310
1637
2786
4759
4946
4295
1596
1506
1702
3138
1877
1488
2805
4731
4296
1753
3612
1025
2231
1549
417
2959
4203
4700
707
2070
4199
2048
2788
26
1503
1975
1327
550
717
2965
177
3756
2568
614
1704
3021
1474
3507
1667
4445
1066
4410
3273
512
4749
3851
2328
4930
146
221
1796
2292
3798
2507
2771
1581
3548
3127
44
2417
2675
2535
2881
4221
3459
2129
185
3886
4773
4253
1770
4598
37
2492
4753
1067
2134
226
2257
3846
3935
4025
1086
592
2329
2284
4588
1967
4939
801
1241
1974
989
1991
3882
1822
3370
4605
2927
692
1466
1673
4971
2074
3397
4890
3856
2693
1689
1303
2187
1378
575
1318
842
2246
1970
4024
3448
1851
3244
3945
1918
1514
4343
4836
3842
2646
2400
4368
1100
547
139
2200
4017
2270
2523
2126
4758
4878
558
1693
1947
131
4970
2454
1532
295
1028
4015
66
2488
1471
4967
2155
2165
4857
1011
2670
4060
469
4899
2201
350
1898
4034
2766
76
957
2088
4145
4176
1479
3089
3437
95
881
4994
1933
352
4902
3036
1159
1932
1442
2673
4625
242
4872
3921
395
1225
2483
2991
3223
187
1716
2410
3117
4147
4880
545
2709
2765
1305
1739
2852
4535
1751
1598
4821
377
256
2389
91
3109
4633
694
606
4504
4871
784
2346
3382
4829
2510
3086
4844
1109
72
3911
1609
2807
3664
930
2618
1527
1309
2152
2089
1870
3277
2154
713
2409
4463
3378
4464
3511
294
3968
1230
4819
4628
2796
3432
2470
4852
1613
4262
4418
244
2480
2666
16
2371
783
2785
4067
1711
3062
3940
2063
4768
1738
1894
4543
3182
3996
3144
4736
1677
1001
4242
2530
2419
460
144
3169
2367
1965
3140
2799
1675
1158
208
442
2440
4166
3228
2824
370
3512
2067
4988
891
3119
4530
3472
4243
3811
750
2271
2613
3256
789
3620
2984
101
1886
3484
4467
1446
1705
2403
3143
1644
4581
214
149
1321
3498
4850
2672
2027
805
2904
300
2947
1651
1653
2746
4049
684
4352
970
180
2289
1359
3301
1029
4651
1728
1649
2798
2226
4405
4351
3158
349
2614
3588
435
3104
1185
4505
3581
155
4229
3587
357
4548
2103
567
2294
4289
2031
2052
1050
1358
2196
2102
4459
2834
1179
2004
3892
3795
1458
487
3555
3579
316
4231
829
4577
894
914
3106
2611
1904
3276
3475
2707
1055
580
4220
147
2435
2304
3358
1294
4213
1955
1775
4533
3159
1111
3245
850
2498
2755
2712
4286
1232
413
4374
2175
3495
4223
4149
4653
2112
933
744
2633
2727
2497
516
4298
1354
984
3833
288
113
3714
1759
2143
30
992
3704
2504
934
4440
1794
2812
2238
968
1182
1278
1229
1135
486
374
2007
760
2268
4469
4074
4361
4682
1314
4681
1384
4232
79
3685
729
3638
2374
615
3715
1545
755
2564
2341
2153
3154
4580
1483
759
2862
1003
3326
709
2559
2516
1324
4627
2747
3998
3482
4325
3254
4366
3654
527
2281
2223
4559
2625
2301
1652
308
2174
546
175
2573
611
3546
3556
1533
3293
2008
250
4012
2683
128
1262
1500
4838
3999
353
3831
4680
4168
2230
839
3487
4091
1634
2735
3984
2929
4673
80
3737
3189
4171
4051
3609
1129
668
2895
2880
4532
1132
1485
3414
1859
2407
1789
1272
64
4671
569
701
3673
3991
4355
1165
4075
1827
2628
2759
3057
867
3286
3476
1340
4520
2037
1935
4468
2339
3889
220
2654
1313
2303
4488
372
2962
3343
3013
3131
3309
4810
3874
167
2550
2720
924
3115
4742
1616
4005
319
871
3619
3853
2748
4433
3995
2846
2910
2883
2652
3344
3553
2567
2832
1507
1997
3972
4028
2125
4415
581
627
2605
2057
1817
4306
3155
3247
325
237
3141
2376
3895
2095
4472
2254
4600
3681
2002
1071
1666
3275
2386
1123
4528
1661
2148
107
3257
1088
59
2745
3976
4709
3126
2099
1219
1731
4393
1414
2703
3177
157
2365
504
2206
4723
3040
1636
2161
2701
1688
1619
318
3311
1905
4596
2124
887
809
2667
962
4002
4856
4809
4399
4799
94
1660
2297
172
4373
1105
4078
1805
3066
3339
4058
1451
315
3167
384
1300
1418
825
656
2015
1522
4639
4224
2474
665
4056
4110
4032
3784
3156
2147
219
2996
689
3187
3734
3819
3750
4217
2084
918
1364
36
3656
2624
2604
1478
2212
31
135
3589
542
2552
1884
2994
2260
4328
2553
3494
3172
778
2101
1315
110
333
3763
4583
4027
3592
23
265
426
2131
3052
3255
4115
2340
4911
1289
2013
1774
2566
2453
1477
2841
4132
4438
1534
4702
3368
4129
92
2094
3529
3928
4411
4359
2780
3435
2033
2699
4944
2486
1079
2957
2416
705
2682
2817
832
955
1126
123
3261
1961
231
2891
212
2544
3782
366
4421
151
4095
4301
3794
3755
1750
1204
2945
1078
2287
1528
2061
2760
4022
1943
4160
983
171
2606
2234
2595
4094
1134
8
3768
3338
202
3875
2278
2842
2489
2808
1590
4594
3349
1365
2457
690
1242
625
4876
3006
2588
1746
411
2706
314
2120
3400
4858
2578
2649
4383
3884
4256
4503
1434
82
4004
3843
826
774
2622
2644
3490
4828
3353
3483
1119
1102
1047
4130
4059
4993
4761
2249
593
4898
3375
3360
4179
3799
2661
14
1516
3577
3064
4907
4502
2323
517
269
1628
4066
4626
796
1121
153
3299
2259
1726
3872
1328
2899
3723
3847
629
3118
1287
4011
1926
3692
4121
523
2587
3696
1170
43
2355
1640
719
2517
2935
853
2314
3331
2214
4841
3732
4040
2236
4153
1767
465
3124
3803
648
2710
2653
2872
4672
4491
2465
3707
3598
4137
2427
3267
4769
2100
2359
2364
3480
3804
2781
1143
3150
533
4754
119
3049
2255
424
4585
677
2665
1971
4517
276
3960
4111
1462
4802
1348
1585
1319
3779
4192
4198
4290
4174
813
3220
2697
2076
3047
2813
1692
203
2638
1601
815
1592
3865
1922
138
4270
3913
4998
3294
1094
556
3287
342
344
3054
2173
2136
3914
4263
2239
4364
4932
3858
2723
2871
3500
1480
1440
2627
3485
4365
3551
3084
4647
3752
4685
2494
3496
3629
2772
2119
2615
1408
3108
2983
885
4695
3184
532
4370
2884
2583
3781
3093
921
4537
3070
723
2728
1680
1077
386
4487
4009
3676
3176
4713
3390
1659
306
2898
4050
1821
3520
3585
1580
4611
1615
2651
1903
399
2459
3599
3948
4497
4975
70
2336
3569
2563
3212
2414
1803
3097
2855
118
5000
4997
1044
3651
1672
2227
711
445
1060
925
4936
4334
462
4518
4427
2858
3334
2444
3094
1435
938
3419
4106
2503
653
1945
1854
1664
4392
4140
4714
3838
120
4722
355
4545
4163
2598
3826
3125
2506
2987
2347
196
4631
3583
3462
3575
4335
4616
4558
2078
2159
4643
1772
1141
1013
447
4772
3863
4403
4485
2472
895
3688
1292
3530
3270
182
3385
3559
2402
2054
3978
3019
4803
3970
93
227
1092
444
2375
3663
4187
3246
2596
4622
589
194
4877
302
645
3877
4785
1403
3423
4864
3005
3565
3936
4400
1430
4014
3488
1830
3168
767
4679
1209
3067
4983
2907
4178
2966
2105
3800
3939
718
2897
782
498
3008
1374
4804
1095
393
1151
379
3515
2546
4806
2905
3050
3521
1020
3087
164
3279
1213
2058
1686
3601
3533
2235
4960
85
4777
739
4868
3302
4954
2914
790
2716
1891
397
1420
4565
1246
4951
4909
568
4020
2692
1917
3503
2538
3564
338
4096
2442
2561
905
2849
73
456
1960
3821
2449
4945
2740
3966
2310
3458
3341
1858
3290
2017
4250
1444
2069
2823
2565
1862
2208
453
4775
4188
3112
3543
1392
1874
3098
3572
4689
2325
2285
3792
4235
3162
1939
1593
4292
2863
3317
4818
33
1217
1018
622
2936
3618
2543
879
3640
2144
3099
2677
497
1139
267
2982
2167
1998
3012
4076
3053
3582
2420
4901
125
3195
2999
1983
4311
4798
1157
297
4515
301
2475
3335
1539
4889
4189
1098
381
1057
1907
3028
1880
1647
1552
3043
4219
1360
3563
4652
1780
1398
3956
1008
4200
3345
529
2940
4494
249
100
4832
3757
4151
3885
4030
4477
1258
1576
1807
1841
4377
4648
4820
964
4112
4215
2369
324
3248
3662
946
160
3808
3402
4249
4451
1899
761
3134
3762
1181
3424
1282
1981
3327
3567
329
2127
3812
1554
4667
3478
2700
1501
140
4314
3205
3710
4499
4080
2192
2366
900
3230
468
332
4891
136
2
86
4299
1265
21
859
4134
802
2912
893
3096
2433
745
2425
820
4023
2810
4252
2998
3350
4912
2820
4644
1963
2295
4127
2943
1900
4879
2197
4708
4747
543
4406
4119
163
2556
3790
3194
4855
3912
3377
451
1122
2845
1949
2819
4976
1639
940
4602
253
3835
2889
994
3539
4233
641
65
3669
4635
4683
471
4735
4675
2973
1187
603
3613
4138
2825
727
3371
2713
1642
40
1380
4390
404
1355
4957
470
4211
112
4788
3361
967
320
1311
3623
2393
4956
4303
4190
1863
1436
4191
1909
3157
4823
3192
2176
1138
4333
679
4228
3474
1266
2689
3943
3954
3231
4013
3265
2972
3801
4357
4043
3761
4195
4244
2229
2763
1140
4360
1600
280
3469
3561
3204
1014
4830
501
4277
3776
4309
2582
2385
3092
46
4141
2413
4460
1546
3516
2090
4486
776
4021
4474
3196
4659
1776
1852
2018
2610
4442
3436
2869
2308
1144
24
1427
4169
4184
3164
394
4741
3693
2931
3975
4304
2655
4257
1671
3161
4959
4265
1849
2777
972
3934
4337
414
3081
1297
3541
162
4813
4350
3726
4455
1351
1769
2648
1906
4694
327
3981
4686
947
906
3830
3621
1310
4766
4245
3933
2594
2861
3406
3990
3985
4925
1700
1465
4226
476
415
2779
2322
4475
2656
664
1231
3528
364
3657
2642
4165
1117
943
2532
2388
604
1550
576
1000
235
4851
3139
538
4599
4563
1798
446
1207
3560
4237
4805
1388
1259
3304
1419
4439
2995
1573
2619
1072
4546
1073
3502
762
4150
1938
3578
1448
3670
1421
1375
1976
1491
4977
3372
4684
272
920
3258
3961
4376
3388
5
3648
2243
1929
178
2006
509
262
601
4038
3941
2560
3233
1184
34
2515
883
4118
3077
2865
4542
2050
3291
2690
3239
2500
2299
3534
2726
3470
3357
908
1424
1921
4589
3691
1579
2769
2272
2025
4133
4984
612
2016
2708
3466
2680
1831
3897
3347
4817
2258
4045
4541
1561
4308
1193
3175
2335
3319
3697
1541
926
4396
2326
4511
3416
4703
2042
1110
4346
3024
974
3611
3899
4557
4728
4069
1964
4661
2540
666
385
2979
2183
2319
4212
1464
2397
2092
1322
2493
2724
205
3754
4849
3753
4814
1056
2429
3586
2968
4320
2421
4748
3992
3450
67
4007
448
230
3744
605
1866
1325
779
4645
3199
3535
4218
1468
2641
240
4026
2481
4313
3606
2794
630
3906
672
4840
1878
3296
2918
2970
2948
104
1840
1537
4327
2245
3725
4743
3252
1051
4973
3531
1800
3785
3069
3671
1154
3987
3742
1586
598
1357
4547
1492
794
2432
1819
2476
4206
3576
4729
115
2509
496
2213
4568
907
3796
791
4808
1428
3743
2803
3418
1560
4910
2686
3449
3759
1813
4135
4655
433
1595
99
4281
4921
4274
292
1155
4492
2158
63
3904
1002
4271
2529
1996
3649
4800
429
4329
3078
263
1544
1623
4353
621
1220
192
396
3346
3733
1494
4489
4730
345
3266
2451
3262
2020
4796
1681
1913
3017
1828
3537
2204
4044
3041
382
51
4972
2913
78
3965
2714
4047
1589
4430
3305
1148
4573
1415
3065
4425
2404
1201
1818
4447
4090
2499
1463
3770
1040
4765
3323
1624
2738
4865
4342
1004
2382
1742
3210
3993
3312
1257
2168
4523
4893
3595
3971
2315
4688
3443
528
1356
4103
3915
564
3465
4595
3209
4995
2071
3672
121
3412
4924
1513
4408
1646
3777
3837
499
1679
47
3924
1752
255
2691
4214
4193
347
2030
3237
1648
2557
2309
1930
3751
954
2462
1281
1211
3554
4379
2698
3274
2549
594
305
1397
4696
2191
4637
1643
2426
3979
1291
4760
1021
2282
3038
3690
1519
888
12
2722
1301
775
331
4863
1747
1043
275
1244
1977
4934
618
4449
1145
473
1253
3105
1299
2026
4574
1396
3888
412
1228
693
3706
4478
3627
987
3881
4053
127
642
3950
4552
3930
1399
3430
4763
4870
2384
3562
2001
973
626
4162
4578
4336
3197
1130
3923
2850
1031
4874
1279
3959
3634
1843
2040
4935
3814
1137
929
4154
4508
4839
4612
1046
3608
2744
4385
3741
1809
4414
1946
2508
3542
3917
4473
3854
1069
421
1191
490
141
321
2452
2117
3989
1934
3633
392
3393
4061
958
1194
4771
4064
3920
3919
3632
890
3769
1493
4778
3650
1980
857
87
3879
4962
1740
2909
4927
1521
360
1990
2801
646
4338
3186
3020
2950
803
4664
3271
3080
1625
4636
2185
2930
4416
2171
4123
3222
2685
4904
3807
3280
4779
3823
2445
3718
290
725
4717
4752
816
4536
3214
1284
1267
2430
1699
1908
2123
17
3918
3684
3712
418
2916
563
764
467
2792
600
4196
4903
631
834
2800
1730
4339
980
1889
1559
1235
1323
2290
3871
788
3342
11
2293
4579
4258
1722
4837
1931
4180
3645
623
858
3259
1276
4815
2949
3401
4519
3655
4186
4275
1724
3142
2964
4853
15
3901
4326
260
3887
286
1431
3524
4001
4529
4194
2318
4294
836
959
1316
526
4085
4114
3188
573
61
1208
2687
1411
1189
1389
765
4716
4866
2597
3862
2519
1097
1037
4318
2189
4705
4210
1112
3952
1183
1142
3682
932
2797
2908
3219
4461
3942
706
466
671
840
419
4649
422
4974
1453
2600
2046
1756
1038
2775
111
4881
170
2695
3813
4845
2265
3739
3557
3900
1393
3016
69
3870
4082
3771
1984
4986
2848
1285
1064
380
4063
941
4324
3908
880
4929
2512
2664
3442
4674
284
195
3590
2132
2836
2839
3977
2790
1956
4538
179
4443
1190
2487
122
3869
1743
1793
3403
2276
851
904
4496
3896
3292
4446
4620
841
28
2080
514
2114
2989
1710
2876
3695
3791
1608
1517
500
3967
2222
1484
868
3610
2138
3786
1243
3840
2225
405
4398
927
3866
1188
3780
4283
3982
4057
1344
1717
2471
535
3955
737
1247
2316
4711
2756
2514
3947
861
1657
1848
45
4757
2818
818
3152
261
3591
3242
4737
4173
4205
3787
1744
3288
831
4966
4315
837
4471
4136
1959
2901
42
4947
595
2443
4707
4234
4434
3348
3407
1236
3867
2014
4395
993
441
686
2345
3805
4784
2320
4969
1495
2951
432
2590
2122
2401
4122
1811
2450
1407
3802
3653
3841
328
1629
60
2976
931
991
1180
89
862
2764
1879
3822
4634
281
1224
3643
1146
928
4382
4422
2387
1847
362
2551
1203
1369
3974
197
1186
4241
1872
4288
4105
2923
3445
117
2941
3179
4428
3659
1202
4227
351
4521
4884
3224
1543
4539
1370
4592
1582
4409
2049
2372
4712
1381
4500
2428
4240
4657
3151
339
2180
1916
1221
3011
2985
3283
2856
1153
3890
503
1022
291
3426
4371
4208
2793
3909
1966
4323
3849
505
84
58
3910
4016
3852
2263
4607
1489
2877
655
369
4793
4885
390
1338
4062
482
4656
4676
4033
3282
911
1075
3927
4429
3272
4531
1456
2784
336
1868
1009
4888
4919
4083
3201
2324
3492
3025
166
2782
4431
2466
4678
4990
1473
4097
2182
3226
2188
3893
965
1405
4031
4953
3315
4347
4088
56
4116
916
489
2831
495
3421
1169
3183
2593
2946
3724
4982
4908
252
4561
4260
715
3208
3236
4833
4152
3455
1551
2363
3481
376
1992
3332
2562
680
1682
4604
3550
534
2253
4569
2969
1768
439
337
544
963
1795
1763
2821
3145
232
1548
1572
278
2757
3129
2853
4662
2248
4248
827
4255
1674
4614
2431
1733
667
3705
4108
4510
919
1988
4035
48
431
4534
2009
1377
1417
3058
917
3202
248
2109
3085
4509
1829
2137
1432
1713
1542
1597
2879
756
4575
1445
1562
2662
3433
3607
878
1017
2584
4560
1604
2956
1650
2022
2579
3122
3234
1557
768
4055
1352
1212
4915
3427
1330
2424
882
3962
2108
4
4615
4182
3810
1125
1251
1948
228
1307
4665
1833
4873
1237
1626
2768
2919
2186
3719
1777
425
3905
3173
3501
3916
165
1333
2847
2251
1118
438
368
4391
3680
2116
304
846
2240
4084
2460
1068
639
4236
378
2537
4593
6
4479
1727
2344
1136
949
4407
4699
4397
4922
4801
2039
124
4706
4161
2926
2882
3394
2668
3023
519
217
1944
4740
4450
3130
3364
1881
1719
507
3434
3079
4566
1245
1459
647
410
2342
2874
2608
4831
2822
1091
886
584
552
4157
2971
4603
3775
190
3701
1762
1467
2731
4883
2607
4590
3944
898
4381
4744
4624
1205
521
3083
3600
4435
1771
1985
2219
4331
4991
2629
229
4609
4456
3260
4584
1575
2311
2207
3660
1063
266
3949
4493
2172
3074
18
2647
1969
3716
1470
4448
2938
3120
3764
150
2202
3735
4710
877
1218
596
452
3030
1093
4175
2093
855
4790
1520
2526
3061
183
1928
3386
2505
1034
4367
1538
3110
1074
2463
274
726
3320
4719
1607
876
4042
2111
4931
4660
4669
3318
4795
663
4896
1350
3937
3727
1801
1556
1226
2875
565
3207
971
4783
403
1250
2411
3044
1295
2381
2776
479
643
977
511
720
2632
2574
1684
2580
2096
2511
1481
3766
4273
239
2398
4968
1540
3146
4570
3988
4146
4641
2406
3922
2513
1248
3907
53
3263
644
2380
2761
2053
3518
751
1668
2262
3903
4065
847
586
873
25
4582
2302
2645
4822
3376
1850
3059
1260
1379
4965
1283
207
4312
38
1335
1662
4183
1987
817
346
4746
3055
3829
4718
1373
4389
1706
4437
1062
1177
681
3306
488
4610
2520
2422
669
1697
4164
3082
3314
2269
4476
2377
4344
1460
1149
2045
1954
4039
2145
10
2980
4155
4640
1683
1754
4413
2412
3778
4571
4961
3461
3747
3193
4739
2356
3149
1749
1936
3848
1400
4999
3225
2705
4586
795
2160
2439
1200
2461
1006
313
1633
2894
343
4514
1249
740
1952
732
4316
204
4794
4553
268
1197
670
2814
2211
824
173
491
1227
1571
4554
4869
35
3602
2741
763
620
3545
2787
1401
4854
1887
1336
4933
4524
1861
502
696
4926
4734
83
4156
174
4317
224
2142
704
4341
4780
2024
830
1210
2915
4419
2203
3639
4172
335
4824
1496
1275
3389
1993
508
3880
420
4564
4276
2531
557
1591
4126
1016
3014
57
4834
1812
3958
570
2274
874
1175
3170
1255
599
1708
3422
2806
3580
3003
4426
2000
1273
169
988
738
3519
2456
2244
2870
4989
2939
4843
3447
3963
2892
4319
2358
4100
2837
2569
209
4540
3931
4745
3604
1238
3686
1394
215
2047
3298
539
3721
492
4465
869
632
722
4862
583
4247
3103
3938
1039
2312
3133
597
2742
1406
2886
4591
4567
4079
3216
2437
4254
4606
4875
1164
549
1816
2719
3818
828
676
4282
148
4619
2545
4914
1032
4958
3200
461
481
4698
657
4887
2631
2360
909
3429
2264
3325
241
3441
2729
734
3354
2019
1331
1277
2464
3964
4259
2256
2383
2073
1410
578
3136
188
3384
4170
3730
2104
1622
4770
1042
2953
1362
2704
1779
1685
1523
3037
4726
685
2603
1082
132
2736
2715
4797
3042
4101
1784
1052
1890
238
4436
3615
3687
4462
1989
2011
233
3046
2337
440
4846
2601
2826
913
2277
1703
1005
2555
1010
2313
1587
2617
1729
3128
4617
1923
475
3029
746
3749
3593
637
1472
2438
2458
4859
736
634
4158
3517
1834
3160
77
3336
3765
1745
1293
800
3211
154
2446
2163
2809
2630
4861
354
3001
3355
1566
474
2379
1058
714
4842
158
2993
1041
1725
485
1785
3
554
3022
4332
2220
4404
3071
270
2954
3509
3045
1391
1698
1115
2857
4978
341
754
4867
1455
4906
108
3729
4466
4225
1897
683
97
975
3051
1735
2660
617
4261
2577
2612
257
4458
2878
283
4526
4483
4197
1240
3004
102
870
849
4099
2975
3015
348
1167
2942
1045
309
437
1757
1024
2650
391
4006
1090
4576
323
1341
3568
4721
4280
952
2368
3284
2868
2482
1914
823
2634
2082
3876
3700
1390
1655
13
1808
997
3827
1792
3773
814
322
2034
3709
2525
3603
2570
1452
1061
4572
708
1450
1871
2924
222
777
3232
4550
4562
401
2721
2044
1457
4181
4380
4089
1214
1133
2041
3504
2210
3100
3178
4756
628
3644
2115
1438
1363
1059
2963
4825
4143
39
1869
3815
822
2121
635
4222
1836
1737
766
4412
1216
2378
4895
2306
3698
2091
1176
1915
2118
3514
3873
1383
1486
636
3464
3268
4913
3793
4279
3767
3307
688
3297
4470
1386
1741
3379
388
799
4955
3665
2059
1670
2434
4287
2010
1385
4941
2361
408
555
1439
71
510
2783
982
1413
4454
200
2332
4738
3073
2986
387
3215
2541
948
649
1578
198
4916
659
1962
402
939
2139
3227
428
4792
741
3269
2065
3702
1161
3009
1547
3425
3191
915
1896
389
1612
54
3373
3883
3647
1820
1147
3571
3617
781
3300
730
1782
3523
3925
2811
587
4048
753
522
3806
2467
2749
1994
1222
3845
2737
2477
525
2479
1564
2934
700
1
2490
4750
2589
996
3689
2679
3075
2795
1567
3451
810
4251
770
638
2774
3352
2478
2922
4952
3570
4322
2702
2056
434
1382
561
2571
2085
4992
3745
608
4264
866
472
2896
3646
3630
4384
4751
772
2353
2275
279
4650
2177
2778
4949
3324
1773
1621
3864
1263
1958
1814
513
4117
2903